samples    0.125000   0.176777   0.250000   0.353553   0.500000   0.707107   1.000000   1.414214   2.000000  
1          0.286000   0.462000   0.592000   0.714000   0.714000   0.736000   0.638000   0.518000   0.432000  
1          0.218000   0.320000   0.630000   0.796000   0.858000   0.740000   0.604000   0.506000   0.404000  
2          0.120000   0.312000   0.664000   0.862000   1.034000   0.976000   0.878000   0.536000   0.348000  
3          0.062000   0.402000   0.614000   0.896000   1.012000   0.972000   0.902000   0.762000   0.566000  
5          0.006000   0.324000   0.548000   0.658000   0.758000   0.672000   0.740000   0.680000   0.532000  
7          0.088000   0.284000   0.412000   0.502000   0.460000   0.452000   0.474000   0.484000   0.392000  
11         0.060000   0.238000   0.234000   0.250000   0.240000   0.260000   0.282000   0.260000   0.242000  
median     0.088000   0.320000   0.592000   0.714000   0.758000   0.736000   0.638000   0.518000   0.404000  
The best cp is: 0.500000
